3523 55144
3536 55098
3536 55123
3537 55116
3538 55124
3540 55127
3548 55157
3549 55144
3550 55155
3551 55156
3552 55089
3552 55095
3552 55098
3552 55142
3552 55154
3558 55123
3564 55146
3578 55144
3578 55154
3579 55156
3580 55157
3586 55181
3587 55128
3587 55182
3588 55127
3588 55184
3589 55186
3590 55201
3599 55103
3604 55146
3605 55156
3606 55154
3606 55182
3607 55155
3607 55186
3609 55129
3609 55201
3611 55128
3615 55089
3615 55099
3615 55145
3615 55153
3615 55179
3615 55208
3615 55445
3615 55856
3615 56219
3615 56544
3621 55104
3622 55123
3639 55146
3639 55205
3640 55158
3641 55159
3642 55177
3643 55160
3647 55129
3647 55157
3647 55181
3647 55241
3647 55476
3647 55827
3647 55945
3647 56219
3647 56568
3647 56596
3648 55131
3650 55244
3651 55247
3655 55127
3655 55240
3656 55128
3656 55241
3657 55131
3657 55244
3658 55146
3658 55152
3658 55205
3659 55151
3659 55181
3660 55153
3660 55209
3661 55154
3661 55212
3661 55614
3662 55155
3662 55182
3663 55156
3663 55176
3663 55183
3664 55157
3664 55245
3665 55158
3665 55247
3666 55159
3666 55185
3667 55186
3667 55566
3668 55478
3669 55481
3670 55480
3671 55483
3672 55484
3673 55152
3673 55160
3673 55178
3674 55153
3674 55182
3675 55154
3675 55163
3675 55183
3676 55155
3676 55186
3677 55156
3677 55205
3678 55157
3678 55208
3679 55158
3679 55209
3680 55159
3680 55210
3681 55243
3682 55244
3683 55178
3683 55245
3684 55246
3685 55247
3686 55268
3687 55269
3688 55273
3689 55180
3690 55182
3691 55274
3692 55186
3693 55192
3693 55208
3694 55209
3695 55212
3696 55277
3697 55290
3698 55501
3699 55517
3700 55542
3701 55540
3735 55209
3736 55214
3744 55209
3745 55234
3751 55234
3752 55236
3753 55486
3754 55488
3755 55504
3756 55505
3757 55508
3758 55506
3759 55236
3760 55268
3761 55272
3762 55507
3763 55508
3764 55514
3765 55508
3766 55213
3767 55214
3768 55247
3768 55564
3769 55240
3770 55234
3771 55293
3771 55544
3772 55277
3773 55240
3774 55244
3775 55207
3776 55209
3777 55210
3778 55213
3779 55222
3780 55240
3781 55243
3782 55244
3783 55246
3784 55269
3785 55241
3785 55273
3786 55563
3787 55565
3788 55246
3789 55269
3790 55208
3791 55501
3792 55212
3793 55214
3794 55241
3800 55486
3801 55509
3802 55514
3802 55528
3803 55513
3804 55267
3805 55269
3806 55505
3807 55511
3808 55513
3809 55533
3810 55531
3810 56015
3811 55538
3812 55513
3813 55532
3814 55535
3815 55537
3816 55272
3817 55277
3818 55308
3818 55532
3819 55540
3820 55542
3821 55535
3822 55544
3823 55293
3823 55534
3825 55533
3826 55296
3826 55563
3827 55298
3827 55565
3828 55539
3829 55300
3830 55574
3831 55543
3832 55289
3833 55290
3834 55296
3834 55569
3834 56014
3835 55298
3835 55570
3836 55302
3837 55572
3838 55588
3839 55575
3840 55574
3841 55295
3841 55572
3841 56016
3842 55565
3843 55278
3844 55321
3845 55323
3846 55327
3847 55298
3847 55588
3848 55278
3848 55647
3849 55274
3850 55293
3850 55298
3850 55575
3851 55298
3851 55302
3852 55243
3853 55268
3854 55247
3855 55268
3856 55269
3857 55272
3858 55273
3859 55246
3860 55269
3861 55274
3862 55276
3863 55280
3864 55649
3865 55272
3866 55623
3867 55652
3868 55360
3869 55273
3870 55273
3871 55307
3872 55382
3873 55277
3874 55280
3875 55364
3876 55245
3877 55365
3878 55361
3879 55244
3922 55333
3923 55325
3924 55332
3925 55338
3926 55327
3927 55333
3928 55331
3929 55335
3930 55332
3931 55350
3932 55337
3933 55335
3934 55336
3935 55326
3936 55302
3937 55352
3938 55328
3939 55633
3940 55327
3941 55321
3942 55338
3943 55336
3944 55660
3945 55648
3946 55298
3946 55659
3947 55332
3948 55331
3949 55650
3950 55680
3951 55681
3952 55330
3953 55322
3954 55680
3955 55678
3956 55656
3957 55664
3958 55329
3959 55679
3960 55663
3961 55654
3962 55660
3963 55659
3964 55648
3965 55302
3966 55571
3967 55294
3967 55704
3968 55590
3969 55307
3970 55296
3970 55591
3971 55322
3972 55297
3972 55589
3973 55323
3974 55320
3975 55321
3976 55298
3976 55302
3977 55335
3978 55330
3979 55597
3980 55331
3981 55295
3981 55603
3982 55332
3983 55603
3984 55333
3985 55320
3986 55329
3987 55296
3987 55590
4004 55321
4005 55325
4006 55328
4007 55327
4008 55356
4009 55648
4010 55321
4010 55350
4011 55635
4012 55327
4013 55629
4014 55630
4015 55624
4016 55632
4017 55329
4018 55622
4019 55363
4020 55332
4021 55620
4022 55352
4023 55328
4024 55646
4025 55330
4025 55350
4026 55325
4027 55629
4028 55621
4029 55618
4030 55634
4031 55604
4032 55333
4033 55332
4034 55635
4035 55383
4036 55330
4037 55631
4038 55363
4039 55648
4040 55605
4041 55361
4042 55626
4043 55630
4044 55359
4045 55622
4046 55605
4047 55352
4048 55602
4049 55591
4050 55599
4051 55337
4052 55589
4052 55600
4053 55591
4054 55358
4055 55359
4056 55357
4057 55357
4058 55358
4059 55360
4060 55359
4061 55362
4062 55383
4063 55364
4064 55366
4065 55368
4066 55444
4067 55361
4068 55445
4069 55365
4070 55681
4071 55660
4072 55362
4073 55663
4074 55679
4075 55352
4077 55361
4078 55358
4079 55363
4080 55368
4080 55471
4081 55365
4082 55367
4083 55441
4083 55443
4084 55447
4085 55452
4086 55446
4087 55449
4088 55451
4089 55470
4090 55500
4091 55498
4092 55477
4093 55475
4094 55481
4095 55497
4096 55501
4097 55506
4174 55659
4175 55680
4176 55682
4177 55688
4178 55653
4179 55684
4180 55679
4181 55685
4182 55446
4183 55447
4184 55450
4185 55469
4186 55691
4187 55693
4188 55684
4189 55679
4190 55686
4191 55444
4192 55469
4193 55476
4194 55450
4195 55452
4196 55478
4197 55479
4198 55480
4199 55481
4200 55499
4201 55443
4202 55445
4203 55447
4204 55470
4205 55454
4206 55471
4207 55475
4208 55476
4209 55478
4210 55444
4211 55446
4212 55447
4213 55449
4214 55451
4215 55471
4216 55477
4217 55478
4218 55479
4219 55480
4220 55447
4221 55443
4222 55444
4223 55451
4224 55481
4225 55455
4226 55475
4227 55481
4228 55484
4229 55501
4230 55483
4231 55444
4232 55447
4233 55449
4234 55478
4235 55451
4236 55479
4237 55478
4238 55455
4239 55458
4240 55455
4241 55450
4242 55476
4256 55477
4257 55480
4258 55481
4259 55501
4260 55478
4261 55503
4262 55482
4263 55484
4264 55506
4265 55505
4266 55486
4267 55484
4268 55483
4269 55502
4270 55511
4271 55507
4272 55509
4273 55506
4274 55508
4275 55501
4276 55505
4277 55506
4278 55505
4279 55508
4280 55503
4281 55836
4282 55507
4283 55864
4284 55863
4285 55881
4286 55499
4287 55483
4288 55501
4289 55856
4290 55527
4291 55525
4292 55532
4293 55509
4294 55500
4295 55858
4296 55499
4297 55806
4298 55511
4299 55827
4300 55528
4301 55810
4302 55531
4303 55508
4304 55506
4305 55509
4306 55584
4307 55531
4308 55565
4309 55528
4310 55508
4311 55506
4312 55511
4313 55857
4314 55855
4315 55503
4316 55505
4317 55480
4318 55508
4319 55507
4320 55894
4321 55504
4322 55503
4323 55884
4341 55538
4342 55531
4343 55540
4344 55557
4345 55569
4346 55949
4346 56209
4347 55830
4348 55559
4349 55803
4350 55556
4351 55538
4352 55533
4353 55532
4354 55810
4355 55533
4356 55829
4357 55829
4358 55833
4359 55533
4360 55539
4361 55831
4362 55828
4363 55537
4364 55855
4365 55539
4366 55536
4367 55566
4368 55559
4369 55827
4370 55534
4371 55830
4372 55541
4373 55811
4374 55883
4375 55889
4376 55863
4377 55828
4378 55853
4379 55881
4380 55857
4381 55824
4382 55742
4383 55881
4384 56105
4385 55752
4386 55540
4387 55534
4388 55536
4389 55539
4390 55948
4391 55866
4392 55833
4393 55944
4394 55924
4395 55828
4396 55829
4397 55921
4398 55946
4399 55811
4400 55509
4401 55510
4402 55514
4403 55536
4404 55513
4405 55854
4406 55858
4407 55884
4408 55888
4409 55883
4410 56187
4411 56164
4412 55912
4413 55894
4414 55882
4415 55831
4416 55828
4417 55829
4418 55862
4419 55867
4420 55883
4421 55858
4422 55533
4423 55889
4424 55532
4425 55864
4426 56105
4427 56107
4428 56189
4440 55539
4441 55532
4442 55532
4443 55539
4444 55538
4445 55622
4445 55869
4446 55589
4447 55542
4448 55538
4449 55544
4450 55540
4451 55537
4452 55536
4453 55535
4454 55536
4455 55539
4456 55537
4457 55858
4458 55536
4459 55533
4460 55533
4461 55888
4462 55600
4463 55868
4464 55866
4465 55858
4466 55857
4467 55894
4468 55894
4469 55863
4470 55587
4471 55617
4472 55893
4473 55589
4478 55600
4479 55592
4480 55591
4481 55630
4482 55617
4483 55587
4484 55565
4485 55836
4486 55588
4487 55866
4488 55571
4489 55545
4490 55629
4491 55570
4492 55565
4493 55585
4494 55569
4495 55566
4496 55544
4497 55564
4498 55615
4499 55572
4500 55543
4501 55590
4502 55569
4503 55563
4504 55571
4505 55603
4506 55568
4507 55564
4508 55600
4509 55574
4510 55559
4511 55602
4526 55559
4527 55590
4528 55559
4529 55563
4530 55564
4531 55563
4532 55559
4533 55855
4534 55863
4535 55860
4536 55857
4537 55806
4538 55860
4539 55865
4540 55863
4541 55882
4542 55833
4543 55888
4544 55855
4545 55567
4546 55835
4547 55893
4548 55565
4549 55556
4550 55894
4551 55569
4552 55884
4553 55584
4554 56193
4555 56189
4556 55912
4557 55588
4558 55569
4559 55597
4560 55575
4561 55614
4562 55570
4563 55617
4564 55570
4565 55591
4566 55630
4567 55589
4568 55600
4569 55631
4570 55623
4571 55629
4572 55622
4573 55587
4574 55621
4575 55590
4576 55592
4601 55589
4602 55644
4603 55999
4604 55983
4605 55971
4606 56223
4607 56248
4608 55973
4609 56251
4610 55621
4611 55603
4612 55590
4613 55591
4614 55604
4615 55618
4616 55617
4617 55617
4618 55600
4619 55599
4620 55652
4621 55603
4621 55649
4622 55629
4623 55621
4624 55654
4625 55632
4626 55647
4627 55626
4628 55646
4629 55630
4630 55623
4631 55617
4632 55644
4633 55620
4634 55626
4635 55615
4636 55945
4637 55616
4638 55956
4639 55944
4640 55927
4641 55947
4642 55926
4643 55946
4644 55922
4645 55623
4646 55622
4647 55621
4648 55673
4649 55621
4650 55648
4651 56008
4652 55672
4653 55622
4654 55659
4655 55620
4656 55828
4657 55591
4658 55592
4659 55587
4660 56191
4661 55614
4662 55590
4663 55893
4664 56186
4664 56192
4665 56209
4666 55832
4667 55868
4668 56211
4669 55831
4683 55924
4684 56226
4685 55657
4686 56013
4687 56338
4687 56369
4688 56008
4689 55656
4690 55653
4691 55651
4692 55644
4693 55632
4694 55649
4695 55957
4696 56354
4697 55660
4698 55623
4699 55684
4700 55709
4701 55709
4702 55618
4703 55617
4704 55681
4705 55705
4706 55705
4707 55653
4708 55704
4709 55720
4710 55707
4711 55737
4712 55738
4713 56044
4714 56041
4715 55653
4716 55738
4717 55742
4718 55750
4718 56014
4719 55736
4720 55691
4721 55709
4722 55735
4723 55748
4723 56033
4724 55742
4725 55711
4726 55712
4727 55693
4729 55626
4730 55630
4731 55656
4732 55648
4733 55649
4734 55646
4735 55651
4736 55631
4737 55630
4738 55650
4739 55644
4740 55651
4741 55704
4742 55660
4743 55645
4745 55892
4746 55632
4747 55652
4748 55631
4749 55633
4750 55630
4751 55646
4752 55653
4753 55674
4754 55649
4755 55660
4756 55631
4757 55653
4758 55682
4759 55649
4760 55656
4761 55633
4762 55888
4763 55869
4764 55646
4765 55674
4766 55677
4767 55946
4768 55944
4769 55931
4770 55928
4771 55925
4772 55654
4773 55648
4774 55659
4775 55708
4776 55652
4777 55707
4778 55706
4779 55656
4780 55682
4781 55653
4782 55654
4783 55652
4784 55677
4785 55659
4786 55651
4787 55863
4788 55889
4789 55923
4790 55888
4791 55889
4792 55925
4793 55648
4794 55647
4795 55889
4796 55924
4797 55662
4798 55672
4799 55656
4800 55674
4801 55653
4802 55652
4803 55734
4804 55679
4805 55715
4806 55688
4807 55687
4808 55705
4831 55679
4832 55680
4833 55679
4834 55685
4835 55688
4835 56016
4836 55689
4837 55707
4838 55686
4839 55703
4840 55690
4841 55895
4842 55867
4843 55860
4847 55713
4847 55931
4848 55955
4849 55945
4850 55929
4851 55680
4852 55689
4853 55928
4854 55685
4855 55926
4856 55712
4857 55711
4858 55686
4859 55684
4860 55691
4861 55710
4862 55685
4863 55688
4864 55680
4865 55713
4866 55895
4867 55924
4868 55895
4869 55896
4870 55923
4871 55928
4872 55944
4873 55926
4874 55673
4875 55677
4876 55679
4877 55707
4878 55710
4879 55706
4881 55733
4882 55721
4885 55735
4886 55737
4889 55709
4890 55741
4891 55736
4892 55738
4893 55709
4895 55708
4896 55712
4900 55739
4901 55711
4903 55927
4953 55749
4955 55750
4956 55737
4960 55747
4961 55719
4964 55749
4965 55721
4966 55712
4969 56041
4970 56039
4971 55747
4973 56042
4974 56038
4975 56037
4976 56046
4977 56047
4978 56036
4979 56045
4980 56048
4983 55836
4984 55827
4987 55746
4988 55825
4989 55743
4989 56069
4990 55743
4992 55723
4993 55738
4994 55739
4995 55739
4996 55720
4997 55738
4998 55722
4999 55721
5000 55715
5001 55719
5002 55710
5003 55715
5004 55711
5005 55751
5006 55706
5007 55710
5008 55744
5009 55707
5010 55748
5011 55739
5013 55723
5014 55717
5015 55707
5016 55709
5017 55715
5018 55734
5020 55852
5021 55863
5022 55827
5023 55858
5024 55854
5025 55836
5026 55855
5027 56218
5028 55836
5029 55750
5030 55830
5031 56209
5032 56208
5033 56244
5034 56190
5035 55829
5036 55751
5037 55823
5038 56235
5039 56220
5040 56243
5041 55749
5042 55856
5043 56187
5044 56186
5045 56181
5046 56243
5047 55833
5048 56218
5049 56103
5050 56215
5051 56214
5052 55857
5053 56213
5054 56191
5055 55889
5056 55921
5057 56209
5058 56208
5059 56190
5060 56181
5061 55806
5062 55803
5063 55831
5064 55864
5065 55739
5066 55749
5067 55751
5068 55749
5069 56211
5106 55833
5107 55940
5108 55888
5109 55892
5110 55913
5111 55840
5112 55895
5113 55924
5114 55883
5115 55885
5116 55857
5117 55925
5118 55830
5119 55836
5120 55895
5121 55855
5121 55856
5122 55841
5123 55841
5124 55894
5125 55863
5126 55923
5127 55889
5128 55912
5129 55864
5130 55835
5131 55835
5132 55858
5133 55860
5134 55868
5135 55862
5136 55836
5137 55833
5138 55830
5139 55866
5140 55836
5141 55746
5142 55825
5143 55828
5144 55829
5145 55835
5146 55831
5147 55854
5148 56220
5149 55944
5150 56329
5151 56335
5151 56567
5152 56010
5153 56577
5154 55864
5155 55946
5156 55925
5157 55923
5158 55913
5159 55856
5160 55895
5161 55968
5162 55893
5163 55889
5164 56067
5165 56063
5166 56065
5167 56066
5168 56035
5169 56045
5170 56063
5171 56038
5172 56065
5172 56071
5173 56046
5174 56047
5175 55955
5176 56221
5177 56245
5178 56246
5179 55957
5180 55947
5181 56298
5182 56341
5183 55976
5184 56352
5185 55978
5186 55987
5186 56337
5187 56074
5188 55803
5189 56074
5190 56077
5191 56065
5192 56066
5193 56066
5194 56062
5195 56048
5196 55831
5197 55828
5198 55823
5199 56067
5200 56091
5201 55832
5202 55824
5203 56034
5204 56036
5205 56040
5206 56033
5207 56018
5208 56008
5209 56002
5210 56003
5211 56002
5212 56016
5284 55866
5285 55946
5286 56225
5287 55952
5288 55865
5289 55893
5290 55862
5291 55947
5292 55926
5293 55953
5294 55922
5295 55978
5296 55922
5297 55913
5298 55979
5299 55927
5300 55982
5301 55987
5302 55896
5303 55980
5304 55925
5305 55984
5306 55926
5307 55998
5308 55976
5309 55929
5310 55983
5311 55956
5312 56001
5313 55973
5314 55952
5315 55978
5316 55955
5317 56000
5318 55983
5319 55953
5320 55999
5321 55945
5322 56003
5323 55957
5324 55947
5325 55980
5326 56002
5327 55979
5328 55982
5329 55946
5330 55986
5330 56000
5331 55976
5332 55981
5333 56001
5334 55928
5335 56013
5336 55957
5337 55987
5338 56002
5339 55922
5340 56011
5341 55931
5342 56003
5343 55999
5344 55924
5345 56010
5346 55955
5347 56008
5348 55978
5349 55929
5350 56009
5351 55952
5352 56269
5353 55980
5354 55927
5355 56009
5356 55979
5357 55956
5358 56016
5359 55953
5360 55983
5361 55973
5362 56017
5363 55956
5364 56000
5365 55945
5366 55958
5367 55986
5368 56001
5369 56272
5370 56003
5371 55976
5372 55978
5373 56010
5374 55947
5375 55973
5376 55987
5377 55957
5378 56011
5379 55986
5380 55980
5381 56009
5382 55982
5383 56013
5384 55984
5385 55960
5386 56008
5387 56009
5388 55983
5389 55953
5390 56002
5391 56000
5392 56010
5393 55946
5394 56001
5395 56003
5396 55947
5397 55944
5398 56011
5399 55956
5400 56308
5401 55949
5402 55927
5403 55979
5404 56013
5405 56010
5406 55955
5407 55926
5408 56038
5409 55957
5410 56016
5411 55953
5412 55981
5413 55976
5414 56014
5415 55982
5416 56002
5417 55978
5418 56037
5419 55983
5420 56009
5421 55980
5422 55986
5423 55958
5424 56033
5425 56003
5426 55987
5427 56001
5428 56029
5429 55979
5430 56000
5431 56011
5432 56008
5433 55981
5434 56033
5435 55982
5436 56015
5437 55973
5438 56002
5439 56045
5440 55983
5441 56017
5442 55978
5443 56010
5444 56038
5445 55987
5446 56014
5447 55958
5448 56013
5449 56030
5450 55986
5451 56010
5452 55957
5453 56001
5454 56015
5455 56009
5456 55980
5457 55976
5458 56011
5459 56035
5460 56000
5461 56018
5462 55978
5463 56003
5464 56035
5465 55988
5466 56033
5467 55973
5468 56014
5469 56037
5470 56008
5471 56034
5472 55976
5473 56033
5474 56036
5475 56011
5476 55986
5477 56030
5478 56014
5479 56016
5480 56001
5481 55983
5482 56017
5483 56017
5484 56039
5485 56063
5486 56030
5487 55982
5488 56013
5489 55990
5490 56003
5491 56034
5492 56010
5493 56009
5494 55857
5495 55896
5496 55888
5648 55923
5649 55912
5656 55940
5693 56246
5694 56213
5695 55978
5695 56191
5696 55946
5697 55944
5698 55947
5699 55953
5700 56245
5701 55949
5702 56221
5703 56190
5704 56187
5705 55973
5705 56194
5706 56165
5707 56217
5707 56269
5708 56605
5709 56571
5710 56658
5712 56602
5713 56686
5714 56660
5715 56598
5715 56657
5716 56662
5716 56684
5718 56693
5719 56014
5720 56602
5722 56008
5723 56597
5724 56364
5725 56625
5726 56626
5728 56334
5729 56598
5730 56607
5731 56363
5732 56326
5733 56575
5735 55980
5736 55984
5737 56381
5738 56002
5739 55976
5740 55998
5741 55980
5742 56636
5743 56011
5745 55998
5745 56050
5766 56248
5767 56245
5768 56017
5769 56246
5770 56014
5771 56011
5772 56003
5773 56009
5774 56002
5775 56009
5776 56010
5777 56280
5778 56328
5779 56338
5780 56274
5781 56337
5782 56272
5783 56017
5784 56029
5785 56269
5786 56251
5787 56254
5788 56255
5789 56246
5790 56271
5791 56255
5792 56269
5793 56337
5794 56282
5795 56298
5796 56274
5797 56273
5798 56326
5799 56325
5800 56279
5801 56328
5802 56309
5803 56272
5804 56304
5805 56336
5806 56310
5807 56329
5808 56325
5809 56353
5810 56358
5811 56334
5812 56354
5813 56363
5846 56017
5847 56037
5848 56029
5849 56033
5850 56042
5851 56075
5852 56034
5853 56045
5854 56035
5855 56088
5856 56090
5857 56092
5858 56063
5859 56065
5860 56046
5861 56069
5862 56045
5863 56042
5864 56047
5865 56067
5866 56035
5867 56034
5868 56045
5869 56064
5870 56065
5871 56041
5872 56027
5873 56035
5874 56039
5875 56038
5876 56042
5877 56041
5878 56033
5879 56047
5880 56042
5881 56038
5882 56029
5883 56033
5884 56046
5885 56036
5886 56034
5887 56035
5888 56041
5889 56038
5890 56037
5891 56034
5892 56035
5893 56034
5894 56039
5895 56046
5896 56047
5897 56042
5898 56045
5899 56038
5900 56043
5901 56039
5902 56042
5903 56064
5904 56046
5905 56065
5941 56193
5942 56210
5943 56218
5944 56220
5945 56213
5946 56101
5947 56093
5948 56107
5949 56096
5950 56211
5951 56102
5952 56453
5953 56092
5954 56462
5955 56456
5956 56104
5957 56210
5958 56213
5959 56214
5960 56097
5961 56460
5962 56265
5963 56191
5964 56098
5965 56190
5966 56101
5967 56063
5968 56356
5969 56069
5970 56046
5970 56072
5971 56064
5972 56334
5973 56067
5974 56314
5975 56334
5976 56356
5977 56098
5978 56073
5979 56329
5980 56338
5981 56340
5982 56074
5983 56310
5984 56337
5985 56089
5986 56328
5987 56339
5988 56072
5989 56312
5990 56066
5991 56076
5992 56066
5993 56070
5994 56101
5995 56093
5996 56096
5997 56309
5998 56087
5999 56089
6000 56102
6001 56072
6002 56104
6003 56311
6004 56066
6005 56090
6006 56105
6007 56066
6008 56093
6009 56313
6010 56097
6011 56103
6012 56101
6013 56074
6014 56072
6015 56096
6016 56073
6017 56075
6018 56067
6019 56074
6020 56087
6021 56067
6022 56076
6023 56069
6024 56088
6025 56098
6026 56071
6027 56103
6028 56102
6029 56099
6030 56097
6031 56091
6032 56067
6033 56069
6034 56103
6035 56076
6036 56093
6037 56074
6037 56104
6037 56106
6037 56160
6038 56090
6039 56099
6040 56101
6041 56102
6042 56101
6043 56096
6044 56090
6045 56072
6046 56096
6047 56098
6048 56072
6049 56091
6050 56089
6051 56093
6052 56092
6053 56091
6054 56089
6055 56102
6056 56092
6057 56099
6058 56090
6059 56093
6060 56074
6061 56076
6062 56091
6063 56077
6063 56098
6064 56097
6110 56279
6111 56270
6112 56191
6113 56219
6114 56209
6115 56237
6116 56245
6117 56272
6118 56189
6119 56181
6120 56206
6121 56187
6122 56246
6123 56217
6124 56211
6125 56273
6126 56269
6127 56274
6128 56236
6129 56301
6130 56214
6131 56211
6132 56267
6133 56246
6134 56244
6135 56192
6136 56206
6137 56270
6138 56236
6138 56598
6139 56192
6140 56189
6141 56210
6142 56219
6143 56267
6144 56237
6145 56266
6146 56265
6147 56239
6148 56209
6149 56194
6150 56187
6151 56265
6152 56164
6153 56164
6154 56237
6155 56245
6156 56239
6157 56238
6158 56239
6159 56214
6160 56190
6161 56238
6162 56191
6163 56219
6164 56181
6165 56208
6166 56181
6167 56189
6168 56187
6169 56193
6170 56240
6171 56311
6172 56269
6173 56238
6174 56243
6175 56265
6176 56264
6177 56268
6178 56213
6179 56221
6180 56301
6181 56239
6182 56190
6183 56210
6184 56267
6185 56217
6186 56246
6187 56244
6188 56208
6189 56237
6190 56210
6191 56248
6192 56269
6193 56237
6194 56190
6195 56220
6196 56189
6197 56191
6198 56211
6199 56220
6200 56217
6201 56186
6202 56266
6203 56266
6204 56220
6205 56187
6206 56245
6207 56239
6252 56248
6253 56574
6254 56268
6255 56240
6256 56323
6257 56274
6258 56238
6259 56565
6260 56568
6261 56219
6262 56267
6263 56279
6264 56223
6265 56248
6266 56223
6267 56279
6268 56245
6269 56246
6270 56273
6271 56304
6272 56325
6273 56243
6274 56550
6275 56245
6276 56269
6277 56273
6278 56266
6279 56243
6280 56570
6281 56295
6282 56572
6283 56239
6284 56310
6285 56248
6286 56301
6287 56221
6288 56192
6289 56559
6290 56238
6291 56209
6292 56566
6293 56561
6294 56482
6295 56536
6296 56219
6297 56218
6298 56208
6299 56478
6300 56449
6301 56543
6302 56565
6303 56539
6304 56570
6305 56563
6306 56487
6306 56535
6307 56205
6308 56215
6309 56485
6310 56455
6311 56447
6312 56487
6313 56460
6314 56191
6315 56181
6316 56483
6317 56448
6318 56186
6319 56452
6320 56453
6321 56449
6322 56190
6323 56189
6369 56217
6370 56238
6372 56341
6373 56298
6374 56326
6375 56323
6376 56269
6377 56243
6377 56245
6378 56330
6379 56340
6380 56340
6381 56353
6382 56365
6383 56362
6384 56363
6385 56356
6386 56325
6387 56328
6388 56309
6389 56270
6390 56244
6391 56329
6392 56331
6393 56341
6394 56330
6395 56354
6396 56358
6397 56365
6398 56356
6402 56334
6403 56357
6404 56330
6405 56342
6406 56330
6407 56311
6408 56329
6409 56306
6410 56336
6411 56331
6412 56358
6413 56336
6414 56306
6415 56310
6416 56312
6417 56308
6418 56354
6419 56331
6420 56304
6421 56274
6422 56328
6423 56313
6424 56272
6425 56298
6426 56334
6427 56328
6428 56279
6429 56274
6430 56299
6431 56311
6432 56309
6433 56339
6434 56362
6435 56341
6436 56363
6437 56340
6438 56367
6439 56358
6440 56370
6441 56364
6442 56369
6443 56367
6444 56339
6445 56366
6446 56363
6447 56362
6448 56365
6449 56356
6450 56331
6451 56358
6452 56366
6453 56365
6454 56336
6455 56357
6455 56370
6456 56339
6457 56330
6458 56274
6459 56273
6460 56334
6461 56329
6462 56326
6463 56340
6464 56309
6465 56279
6466 56310
6467 56270
6468 56311
6469 56328
6470 56334
6471 56309
6472 56362
6473 56363
6474 56362
6475 56337
6476 56358
6477 56365
6478 56341
6479 56364
6480 56340
6481 56363
6482 56358
6483 56341
6484 56358
6485 56342
6486 56328
6487 56362
6488 56364
6489 56329
6490 56330
6491 56337
6492 56362
6493 56338
6494 56363
6495 56339
6496 56363
6497 56329
6498 56565
6499 56571
6500 56541
6501 56563
6502 56487
6502 56544
6503 56564
6504 56540
6505 56560
6506 56564
6507 56478
6508 56535
6509 56486
6510 56486
6511 56540
6512 56567
6513 56543
6514 56487
6515 56536
6516 56571
6517 56563
6518 56567
6519 56566
6520 56541
6521 56537
6526 56543
6529 56535
6530 56537
6581 56540
6582 56274
6583 56566
6584 56568
6585 56479
6586 56485
6587 56537
6588 56536
6589 56536
6590 56273
6591 56535
6592 56535
6593 56270
6594 56272
6595 56569
6596 56331
6597 56304
6598 56574
6599 56567
6600 56566
6601 56335
6602 56571
6603 56567
6604 56337
6605 56565
6606 56304
6606 56596
6617 56365
6618 56401
6619 56371
6620 56368
6621 56366
6622 56365
6623 56367
6624 56385
6625 56386
6626 56330
6627 56369
6628 56366
6629 56365
6630 56358
6631 56364
6632 56366
6633 56369
6634 56367
6635 56370
6636 56367
6637 56370
6638 56370
6639 56385
6640 56385
6641 56383
6642 56396
6643 56386
6644 56384
6645 56398
6646 56389
6647 56390
6648 56383
6649 56364
6656 56624
6657 56366
6658 56606
6659 56607
6660 56370
6661 56366
6662 56364
6663 56338
6664 56383
6665 56390
6666 56371
6667 56412
6668 56605
6669 56413
6670 56389
6671 56388
6672 56386
6673 56419
6674 56416
6675 56415
6676 56389
6677 56385
6678 56401
6679 56401
6680 56420
6681 56419
6682 56390
6683 56388
6683 56416
6684 56412
6685 56412
6686 56389
6687 56602
6688 56412
6689 56396
6690 56416
6691 56413
6692 56390
6693 56384
6694 56386
6695 56608
6695 56628
6696 56398
6697 56419
6698 56637
6699 56411
6700 56384
6701 56367
6702 56381
6703 56636
6704 56388
6705 56636
6706 56385
6707 56383
6708 56452
6709 56429
6710 56416
6711 56388
6712 56421
6713 56402
6714 56447
6715 56449
6716 56401
6717 56397
6718 56398
6719 56390
6720 56390
6721 56398
6722 56431
6723 56428
6724 56416
6725 56390
6726 56394
6727 56369
6728 56426
6729 56419
6730 56425
6731 56385
6732 56370
6733 56369
6734 56386
6735 56397
6736 56366
6737 56365
6738 56424
6739 56393
6740 56401
6741 56394
6742 56415
6743 56385
6744 56399
6745 56425
6746 56386
6747 56388
6748 56371
6749 56370
6750 56367
6751 56368
6752 56366
6753 56399
6754 56414
6755 56413
6756 56426
6757 56416
6758 56415
6759 56416
6760 56425
6780 56267
6780 56577
6780 56605
6781 56274
6781 56575
6781 56599
6782 56273
6782 56572
6782 56576
6782 56602
6783 56284
6785 56487
6786 56448
6787 56447
6788 56428
6789 56401
6790 56430
6791 56429
6792 56432
6793 56430
6794 56448
6795 56425
6796 56453
6797 56426
6798 56485
6799 56478
6800 56399
6801 56487
6802 56456
6803 56402
6804 56447
6805 56442
6806 56419
6807 56429
6808 56443
6809 56454
6810 56447
6813 56419
6814 56487
6815 56419
6816 56444
6817 56455
6821 56396
6822 56711
6823 56687
6825 56717
6826 56449
6827 56428
6828 56430
6829 56453
6830 56429
6831 56426
6832 56426
6833 56413
6834 56478
6835 56420
6836 56443
6837 56442
6838 56429
6839 56425
6840 56685
6872 56540
6873 56541
6874 56550
6877 56544
6879 56539
6880 56543
6881 56540
6882 56541
6931 56388
6932 56397
6933 56398
6963 56724
6964 56748
6966 56748
6967 56447
6968 56443
6969 56420
6970 56444
6972 56426
6973 56741
6974 56442
6975 56720
6976 56448
6981 56443
6982 56444
6983 56447
6985 56472
6986 56717
7027 56448
7028 56449
7029 56455
7030 56448
7031 56449
7032 56471
7033 56565
7034 56564
7035 56568
7036 56569
7037 56570
7038 56571
7039 56572
7040 56574
7041 56569
7042 56573
7043 56576
7044 56591
7045 56577
7046 56568
7047 56572
7048 56575
7049 56570
7050 56573
7051 56574
7052 56539
7053 56564
7054 56575
7055 56576
7056 56577
7057 56593
7058 56593
7059 56592
7081 56684
7082 56713
7083 56710
7083 56722
7084 56624
7085 56625
7086 56658
7087 56637
7088 56657
7089 56661
7090 56659
7091 56658
7092 56683
7093 56657
7094 56660
7095 56625
7096 56664
7096 56683
7097 56667
7098 56661
7099 56666
7100 56636
7101 56634
7101 56659
7102 56666
7103 56661
7104 56711
7105 56740
7106 56663
7107 56740
7108 56686
7109 56658
7110 56746
7111 56741
7112 56666
7113 56711
7114 56748
7115 56667
7116 56681
7117 56685
7118 56686
7120 56720
7123 56726
7124 56720
7126 56568
7127 56566
7128 56567
7129 56569
7130 56568
7131 56570
7132 56565
7133 56567
7134 56566
7135 56564
7136 56570
7137 56566
7138 56572
7139 56568
7140 56569
7141 56565
7142 56567
7143 56572
7144 56564
7145 56567
7146 56573
7147 56574
7148 56591
7149 56593
7150 56597
7151 56598
7152 56660
7155 56629
7159 56603
7160 56599
7161 56625
7162 56605
7163 56593
7164 56597
7165 56603
7166 56602
7167 56604
7168 56625
7169 56628
7181 56662
7182 56665
7183 56658
7184 56629
7235 56603
7236 56605
7237 56662
7238 56660
7239 56693
7240 56665
7241 56606
7242 56628
7243 56629
7245 56636
7246 56625
7247 56626
7248 56630
7253 56598
7254 56625
7255 56597
7256 56658
7257 56658
7258 56605
7259 56603
7260 56659
7260 56663
7260 56664
7260 56679
7261 56603
7262 56659
7262 56682
7262 56683
7277 56748
7280 56709
7282 56660
7284 56683
7292 56709
7293 56741
7294 56739
7298 56661
7299 56682
7299 56686
7300 56707
7301 56746
7304 56745
7306 56663
7306 56684
7307 56720
7308 56709
7310 56693
7315 56685
7316 56710
7318 56738
7320 56722
7325 56717
7326 56710
7327 56715
7328 56715
7329 56719
7330 56684
7331 56658
7332 56683
7333 56686
7334 56656
7336 56656
7337 56662
7337 56686
7338 56660
7338 56664
7338 56669
7338 56717
7338 56745
7339 56683
7339 56686
7339 56697
7339 56713
7339 56715
7339 56720
7339 56722
7339 56739
7339 56747
7339 56749
7339 56751
7339 56755
7340 56726
7374 56751
7376 56749
7377 56741
7378 56715
7379 56713
7380 56753
7381 56717
7383 56749
7384 56715
7385 56710
7393 56749
7414 56748
7417 56753
7420 56753
7427 56751
7429 56740
7445 56720
7446 56722
7447 56746
7448 56739
7449 56740
7450 56722
7451 56739
7452 56745
7453 56749
7454 56751
7456 56727
7457 56746
